    Generation =     2   Individual =     1
   0.00000  -0.05000  -0.05000   0.06359   1.28691   1.69690   0.03694
     1    -0.1030     5.7000     5.4500
     2     2.0000     5.8000     5.5500
     3     5.0000     5.9500     5.7000
     4    10.0000     6.1000     5.8500
     5    15.0000     6.2500     6.0000
     6    20.0000     6.4000     6.1500
     7    25.0000     6.5000     6.5000
     8    32.0000     7.9500     7.9500

      2022  11  18  17  55  18.1426(0.0051)
         -37.1596(0.0326) -76.0403(0.0229)  1.2869(0.1336)
                   37.1941     129.0815  0.0286
      GAGA 20.083A  -0.012 21.443B   0.040   10.535     0.000   0.000  1.952
      TBA2 20.748B   0.014  0.000C  99.990   13.963     0.000   0.000  2.592
      SNGB 21.278A   0.021  0.000C  99.990   16.917     0.000   0.000  3.115
      GWLA 22.403C  -0.028  0.000C  99.990   23.274     0.000   0.000  4.289
      IMWB 22.508A   0.021  0.000C  99.990   23.639     0.000   0.000  4.344
      CHYB 23.958C   0.034  0.000C  99.990   31.492    79.107   0.000  5.781
      UJNA 24.863B  -0.050 29.493B   0.043   37.034    79.107   0.000  6.770
