    Generation =     3   Individual =     6
   0.02000   0.02000   0.02000   0.05642   9.35145   1.67295  -0.00469
     1    -0.2000     5.7000     5.6800
     2     2.0000     5.8000     5.7665
     3     5.0000     5.9500     5.8828
     4    10.0000     6.1000     6.0200
     5    15.0000     6.2500     6.1700
     6    20.0000     6.4000     6.3200
     7    25.0000     6.5000     6.5000
     8    32.0000     7.9500     7.9500

      2022  12  18   3  13  51.1592(0.0056)
        -211.3108(0.0213)  31.2287(0.0298)  9.3514(0.0718)
                   38.1368     127.0895  0.0392
      YOGA 54.523A  -0.009 56.803B   0.010   17.071    62.175 106.092  3.373
      YC2B 54.628A  -0.027  0.000C  99.990   17.956    63.732 233.082  3.496
      DDCA 56.018A   0.058  0.000C  99.990   26.188    72.039 185.463  4.801
      GMHB 56.908A   0.051  0.000C  99.990   31.647    75.434  66.418  5.698
      CWO2 57.898B  -0.062  0.000C  99.990   38.257    78.310  98.819  6.801
      UJBA 58.643A   0.000 63.643B  -0.018   42.435    80.048 178.004  7.483
      GGTA 58.923A  -0.011  0.000C  99.990   44.169    80.553 202.237  7.775
