    Generation =     2   Individual =     1
   0.00000  -0.05000  -0.05000   0.08099   9.47246   1.67091   0.00132
     1    -0.2880     5.7000     5.7600
     2     2.0000     5.8000     5.8488
     3     5.0000     5.9500     5.9709
     4    10.0000     6.1000     6.1000
     5    15.0000     6.2500     6.2500
     6    20.0000     6.4000     6.4000
     7    25.0000     6.5000     6.5000
     8    32.0000     7.9500     7.9500

      2022  12  21   5  53  56.4986(0.0166)
        -165.3698(0.0532)  36.0966(0.0604)  9.4725(0.2743)
                   38.1902     127.6122  0.0260
      CWO2 59.458A   0.002 61.438B   0.000   14.329    56.657   0.000  2.957
      GMHB 59.978A   0.001 62.308B   0.000   18.017    63.138   0.000  3.478
      HWCA 60.258A  -0.005 62.788B   0.002   19.891    65.482   0.000  3.765
      YOGA 62.113C   0.052  0.000C  99.990   31.302    75.109   0.000  5.562
      YGGA 62.523A  -0.020  0.000C  99.990   34.260    76.612   0.000  6.044
      GAPB 63.408C  -0.030 68.088C  -0.000   39.764    78.997   0.000  6.939
